{
 "cells": [
  {
   "cell_type": "code",
   "execution_count": 16,
   "id": "6b96758a-eea2-4ecf-8fd6-2a68691834cf",
   "metadata": {},
   "outputs": [
    {
     "name": "stderr",
     "output_type": "stream",
     "text": [
      "[*********************100%***********************]  10 of 10 completed\n"
     ]
    }
   ],
   "source": [
    "import yfinance as yf\n",
    "import numpy as np\n",
    "import pandas as pd\n",
    "import matplotlib.pyplot as plt\n",
    "import seaborn as sns\n",
    "sns.set()\n",
    "\n",
    "tickers = ['NVDA', 'AAPL', 'GOOG', 'MSFT', 'AMZN',\n",
    "           'META', 'AVGO', 'TSLA', 'WMT', 'LLY']\n",
    "prices = yf.download(tickers, start=\"2020-01-01\", end=\"2025-01-01\")['Close']"
   ]
  },
  {
   "cell_type": "code",
   "execution_count": 21,
   "id": "ecb2d519-a8ce-4777-8450-d913dfeef4ac",
   "metadata": {},
   "outputs": [],
   "source": [
    "prices.dropna(inplace=True)"
   ]
  },
  {
   "cell_type": "code",
   "execution_count": 27,
   "id": "a62ead6a-6552-4575-a406-adff15ee17d4",
   "metadata": {},
   "outputs": [
    {
     "data": {
      "text/html": [
       "<div>\n",
       "<style scoped>\n",
       "    .dataframe tbody tr th:only-of-type {\n",
       "        vertical-align: middle;\n",
       "    }\n",
       "\n",
       "    .dataframe tbody tr th {\n",
       "        vertical-align: top;\n",
       "    }\n",
       "\n",
       "    .dataframe thead th {\n",
       "        text-align: right;\n",
       "    }\n",
       "</style>\n",
       "<table border=\"1\" class=\"dataframe\">\n",
       "  <thead>\n",
       "    <tr style=\"text-align: right;\">\n",
       "      <th>Ticker</th>\n",
       "      <th>AAPL</th>\n",
       "      <th>AMZN</th>\n",
       "      <th>AVGO</th>\n",
       "      <th>GOOG</th>\n",
       "      <th>LLY</th>\n",
       "      <th>META</th>\n",
       "      <th>MSFT</th>\n",
       "      <th>NVDA</th>\n",
       "      <th>TSLA</th>\n",
       "      <th>WMT</th>\n",
       "    </tr>\n",
       "    <tr>\n",
       "      <th>Date</th>\n",
       "      <th></th>\n",
       "      <th></th>\n",
       "      <th></th>\n",
       "      <th></th>\n",
       "      <th></th>\n",
       "      <th></th>\n",
       "      <th></th>\n",
       "      <th></th>\n",
       "      <th></th>\n",
       "      <th></th>\n",
       "    </tr>\n",
       "  </thead>\n",
       "  <tbody>\n",
       "    <tr>\n",
       "      <th>2020-01-03</th>\n",
       "      <td>-0.009722</td>\n",
       "      <td>-0.012139</td>\n",
       "      <td>-0.025435</td>\n",
       "      <td>-0.004907</td>\n",
       "      <td>-0.003328</td>\n",
       "      <td>-0.005291</td>\n",
       "      <td>-0.012452</td>\n",
       "      <td>-0.016006</td>\n",
       "      <td>0.029633</td>\n",
       "      <td>-0.008828</td>\n",
       "    </tr>\n",
       "    <tr>\n",
       "      <th>2020-01-06</th>\n",
       "      <td>0.007968</td>\n",
       "      <td>0.014886</td>\n",
       "      <td>-0.001496</td>\n",
       "      <td>0.024657</td>\n",
       "      <td>0.003719</td>\n",
       "      <td>0.018834</td>\n",
       "      <td>0.002585</td>\n",
       "      <td>0.004194</td>\n",
       "      <td>0.019255</td>\n",
       "      <td>-0.002036</td>\n",
       "    </tr>\n",
       "    <tr>\n",
       "      <th>2020-01-07</th>\n",
       "      <td>-0.004703</td>\n",
       "      <td>0.002092</td>\n",
       "      <td>-0.003443</td>\n",
       "      <td>-0.000624</td>\n",
       "      <td>0.001890</td>\n",
       "      <td>0.002164</td>\n",
       "      <td>-0.009118</td>\n",
       "      <td>0.012106</td>\n",
       "      <td>0.038801</td>\n",
       "      <td>-0.009264</td>\n",
       "    </tr>\n",
       "    <tr>\n",
       "      <th>2020-01-08</th>\n",
       "      <td>0.016087</td>\n",
       "      <td>-0.007809</td>\n",
       "      <td>-0.012474</td>\n",
       "      <td>0.007880</td>\n",
       "      <td>0.009056</td>\n",
       "      <td>0.010138</td>\n",
       "      <td>0.015928</td>\n",
       "      <td>0.001875</td>\n",
       "      <td>0.049205</td>\n",
       "      <td>-0.003432</td>\n",
       "    </tr>\n",
       "    <tr>\n",
       "      <th>2020-01-09</th>\n",
       "      <td>0.021241</td>\n",
       "      <td>0.004799</td>\n",
       "      <td>-0.008033</td>\n",
       "      <td>0.011044</td>\n",
       "      <td>0.016528</td>\n",
       "      <td>0.014311</td>\n",
       "      <td>0.012493</td>\n",
       "      <td>0.010983</td>\n",
       "      <td>-0.021945</td>\n",
       "      <td>0.010330</td>\n",
       "    </tr>\n",
       "  </tbody>\n",
       "</table>\n",
       "</div>"
      ],
      "text/plain": [
       "Ticker          AAPL      AMZN      AVGO      GOOG       LLY      META  \\\n",
       "Date                                                                     \n",
       "2020-01-03 -0.009722 -0.012139 -0.025435 -0.004907 -0.003328 -0.005291   \n",
       "2020-01-06  0.007968  0.014886 -0.001496  0.024657  0.003719  0.018834   \n",
       "2020-01-07 -0.004703  0.002092 -0.003443 -0.000624  0.001890  0.002164   \n",
       "2020-01-08  0.016087 -0.007809 -0.012474  0.007880  0.009056  0.010138   \n",
       "2020-01-09  0.021241  0.004799 -0.008033  0.011044  0.016528  0.014311   \n",
       "\n",
       "Ticker          MSFT      NVDA      TSLA       WMT  \n",
       "Date                                                \n",
       "2020-01-03 -0.012452 -0.016006  0.029633 -0.008828  \n",
       "2020-01-06  0.002585  0.004194  0.019255 -0.002036  \n",
       "2020-01-07 -0.009118  0.012106  0.038801 -0.009264  \n",
       "2020-01-08  0.015928  0.001875  0.049205 -0.003432  \n",
       "2020-01-09  0.012493  0.010983 -0.021945  0.010330  "
      ]
     },
     "execution_count": 27,
     "metadata": {},
     "output_type": "execute_result"
    }
   ],
   "source": [
    "returns = prices.pct_change(1)\n",
    "returns.dropna(inplace=True)\n",
    "returns.head()"
   ]
  },
  {
   "cell_type": "code",
   "execution_count": 28,
   "id": "08aee687-0ec2-4518-80ea-b56e877c807c",
   "metadata": {},
   "outputs": [
    {
     "name": "stdout",
     "output_type": "stream",
     "text": [
      "[0.1, 0.1, 0.1, 0.1, 0.1, 0.1, 0.1, 0.1, 0.1, 0.1]\n"
     ]
    }
   ],
   "source": [
    "num_stocks = 10\n",
    "weights = [1 / num_stocks] * num_stocks\n",
    "print(weights)"
   ]
  },
  {
   "cell_type": "code",
   "execution_count": 29,
   "id": "555f2f82-ec3b-4e00-aa3c-b57bed72995d",
   "metadata": {},
   "outputs": [
    {
     "data": {
      "text/html": [
       "<div>\n",
       "<style scoped>\n",
       "    .dataframe tbody tr th:only-of-type {\n",
       "        vertical-align: middle;\n",
       "    }\n",
       "\n",
       "    .dataframe tbody tr th {\n",
       "        vertical-align: top;\n",
       "    }\n",
       "\n",
       "    .dataframe thead th {\n",
       "        text-align: right;\n",
       "    }\n",
       "</style>\n",
       "<table border=\"1\" class=\"dataframe\">\n",
       "  <thead>\n",
       "    <tr style=\"text-align: right;\">\n",
       "      <th>Ticker</th>\n",
       "      <th>AAPL</th>\n",
       "      <th>AMZN</th>\n",
       "      <th>AVGO</th>\n",
       "      <th>GOOG</th>\n",
       "      <th>LLY</th>\n",
       "      <th>META</th>\n",
       "      <th>MSFT</th>\n",
       "      <th>NVDA</th>\n",
       "      <th>TSLA</th>\n",
       "      <th>WMT</th>\n",
       "    </tr>\n",
       "    <tr>\n",
       "      <th>Ticker</th>\n",
       "      <th></th>\n",
       "      <th></th>\n",
       "      <th></th>\n",
       "      <th></th>\n",
       "      <th></th>\n",
       "      <th></th>\n",
       "      <th></th>\n",
       "      <th></th>\n",
       "      <th></th>\n",
       "      <th></th>\n",
       "    </tr>\n",
       "  </thead>\n",
       "  <tbody>\n",
       "    <tr>\n",
       "      <th>AAPL</th>\n",
       "      <td>0.000398</td>\n",
       "      <td>0.000268</td>\n",
       "      <td>0.000300</td>\n",
       "      <td>0.000264</td>\n",
       "      <td>0.000130</td>\n",
       "      <td>0.000318</td>\n",
       "      <td>0.000287</td>\n",
       "      <td>0.000411</td>\n",
       "      <td>0.000408</td>\n",
       "      <td>0.000103</td>\n",
       "    </tr>\n",
       "    <tr>\n",
       "      <th>AMZN</th>\n",
       "      <td>0.000268</td>\n",
       "      <td>0.000513</td>\n",
       "      <td>0.000292</td>\n",
       "      <td>0.000301</td>\n",
       "      <td>0.000110</td>\n",
       "      <td>0.000390</td>\n",
       "      <td>0.000295</td>\n",
       "      <td>0.000446</td>\n",
       "      <td>0.000415</td>\n",
       "      <td>0.000096</td>\n",
       "    </tr>\n",
       "    <tr>\n",
       "      <th>AVGO</th>\n",
       "      <td>0.000300</td>\n",
       "      <td>0.000292</td>\n",
       "      <td>0.000696</td>\n",
       "      <td>0.000279</td>\n",
       "      <td>0.000143</td>\n",
       "      <td>0.000346</td>\n",
       "      <td>0.000308</td>\n",
       "      <td>0.000591</td>\n",
       "      <td>0.000505</td>\n",
       "      <td>0.000087</td>\n",
       "    </tr>\n",
       "    <tr>\n",
       "      <th>GOOG</th>\n",
       "      <td>0.000264</td>\n",
       "      <td>0.000301</td>\n",
       "      <td>0.000279</td>\n",
       "      <td>0.000416</td>\n",
       "      <td>0.000113</td>\n",
       "      <td>0.000371</td>\n",
       "      <td>0.000291</td>\n",
       "      <td>0.000409</td>\n",
       "      <td>0.000346</td>\n",
       "      <td>0.000085</td>\n",
       "    </tr>\n",
       "    <tr>\n",
       "      <th>LLY</th>\n",
       "      <td>0.000130</td>\n",
       "      <td>0.000110</td>\n",
       "      <td>0.000143</td>\n",
       "      <td>0.000113</td>\n",
       "      <td>0.000421</td>\n",
       "      <td>0.000144</td>\n",
       "      <td>0.000145</td>\n",
       "      <td>0.000188</td>\n",
       "      <td>0.000065</td>\n",
       "      <td>0.000084</td>\n",
       "    </tr>\n",
       "    <tr>\n",
       "      <th>META</th>\n",
       "      <td>0.000318</td>\n",
       "      <td>0.000390</td>\n",
       "      <td>0.000346</td>\n",
       "      <td>0.000371</td>\n",
       "      <td>0.000144</td>\n",
       "      <td>0.000800</td>\n",
       "      <td>0.000337</td>\n",
       "      <td>0.000514</td>\n",
       "      <td>0.000397</td>\n",
       "      <td>0.000089</td>\n",
       "    </tr>\n",
       "    <tr>\n",
       "      <th>MSFT</th>\n",
       "      <td>0.000287</td>\n",
       "      <td>0.000295</td>\n",
       "      <td>0.000308</td>\n",
       "      <td>0.000291</td>\n",
       "      <td>0.000145</td>\n",
       "      <td>0.000337</td>\n",
       "      <td>0.000369</td>\n",
       "      <td>0.000445</td>\n",
       "      <td>0.000363</td>\n",
       "      <td>0.000104</td>\n",
       "    </tr>\n",
       "    <tr>\n",
       "      <th>NVDA</th>\n",
       "      <td>0.000411</td>\n",
       "      <td>0.000446</td>\n",
       "      <td>0.000591</td>\n",
       "      <td>0.000409</td>\n",
       "      <td>0.000188</td>\n",
       "      <td>0.000514</td>\n",
       "      <td>0.000445</td>\n",
       "      <td>0.001152</td>\n",
       "      <td>0.000670</td>\n",
       "      <td>0.000118</td>\n",
       "    </tr>\n",
       "    <tr>\n",
       "      <th>TSLA</th>\n",
       "      <td>0.000408</td>\n",
       "      <td>0.000415</td>\n",
       "      <td>0.000505</td>\n",
       "      <td>0.000346</td>\n",
       "      <td>0.000065</td>\n",
       "      <td>0.000397</td>\n",
       "      <td>0.000363</td>\n",
       "      <td>0.000670</td>\n",
       "      <td>0.001791</td>\n",
       "      <td>0.000094</td>\n",
       "    </tr>\n",
       "    <tr>\n",
       "      <th>WMT</th>\n",
       "      <td>0.000103</td>\n",
       "      <td>0.000096</td>\n",
       "      <td>0.000087</td>\n",
       "      <td>0.000085</td>\n",
       "      <td>0.000084</td>\n",
       "      <td>0.000089</td>\n",
       "      <td>0.000104</td>\n",
       "      <td>0.000118</td>\n",
       "      <td>0.000094</td>\n",
       "      <td>0.000202</td>\n",
       "    </tr>\n",
       "  </tbody>\n",
       "</table>\n",
       "</div>"
      ],
      "text/plain": [
       "Ticker      AAPL      AMZN      AVGO      GOOG       LLY      META      MSFT  \\\n",
       "Ticker                                                                         \n",
       "AAPL    0.000398  0.000268  0.000300  0.000264  0.000130  0.000318  0.000287   \n",
       "AMZN    0.000268  0.000513  0.000292  0.000301  0.000110  0.000390  0.000295   \n",
       "AVGO    0.000300  0.000292  0.000696  0.000279  0.000143  0.000346  0.000308   \n",
       "GOOG    0.000264  0.000301  0.000279  0.000416  0.000113  0.000371  0.000291   \n",
       "LLY     0.000130  0.000110  0.000143  0.000113  0.000421  0.000144  0.000145   \n",
       "META    0.000318  0.000390  0.000346  0.000371  0.000144  0.000800  0.000337   \n",
       "MSFT    0.000287  0.000295  0.000308  0.000291  0.000145  0.000337  0.000369   \n",
       "NVDA    0.000411  0.000446  0.000591  0.000409  0.000188  0.000514  0.000445   \n",
       "TSLA    0.000408  0.000415  0.000505  0.000346  0.000065  0.000397  0.000363   \n",
       "WMT     0.000103  0.000096  0.000087  0.000085  0.000084  0.000089  0.000104   \n",
       "\n",
       "Ticker      NVDA      TSLA       WMT  \n",
       "Ticker                                \n",
       "AAPL    0.000411  0.000408  0.000103  \n",
       "AMZN    0.000446  0.000415  0.000096  \n",
       "AVGO    0.000591  0.000505  0.000087  \n",
       "GOOG    0.000409  0.000346  0.000085  \n",
       "LLY     0.000188  0.000065  0.000084  \n",
       "META    0.000514  0.000397  0.000089  \n",
       "MSFT    0.000445  0.000363  0.000104  \n",
       "NVDA    0.001152  0.000670  0.000118  \n",
       "TSLA    0.000670  0.001791  0.000094  \n",
       "WMT     0.000118  0.000094  0.000202  "
      ]
     },
     "execution_count": 29,
     "metadata": {},
     "output_type": "execute_result"
    }
   ],
   "source": [
    "vcv_matrix = returns.cov(ddof=1)\n",
    "vcv_matrix"
   ]
  },
  {
   "cell_type": "code",
   "execution_count": 32,
   "id": "ed07e2fb-a134-4dc0-ba12-80b20b0efdae",
   "metadata": {},
   "outputs": [
    {
     "name": "stdout",
     "output_type": "stream",
     "text": [
      "Portfolio variance: 0.00031679825342789366\n",
      "Portfolio standard variation: 0.017798827304850554\n"
     ]
    }
   ],
   "source": [
    "var_p = np.dot(np.transpose(weights),\n",
    "               np.dot(vcv_matrix, weights))\n",
    "sd_p = np.sqrt(var_p)\n",
    "print(\"Portfolio variance:\", var_p)\n",
    "print(\"Portfolio standard variation:\", sd_p)"
   ]
  }
 ],
 "metadata": {
  "kernelspec": {
   "display_name": "Python 3 (ipykernel)",
   "language": "python",
   "name": "python3"
  },
  "language_info": {
   "codemirror_mode": {
    "name": "ipython",
    "version": 3
   },
   "file_extension": ".py",
   "mimetype": "text/x-python",
   "name": "python",
   "nbconvert_exporter": "python",
   "pygments_lexer": "ipython3",
   "version": "3.13.10"
  }
 },
 "nbformat": 4,
 "nbformat_minor": 5
}
